=== myexp() ===
x = 1.000000000000000
iterations = 20
exp_true = 2.718281828459045
exp_tayor = 2.718281828459046
error = 4.440892e-16

=== mysin() ===
x = 1.570796326794897
iterations = 10
sin_true = 1.000000000000000
sin_taylor = 1.000003542584286
error = 3.542584e-06
